2077787416757248109 1790463740166467669 1800236372667568547 1920158341848052207 1773709657476935887
1716485539656814905 1708896466914181149 1849097620678918390 1930659598903501304 1732063246843060302
1734973481668706792 1722992017565712582 1793369019002851695 1849130704329679310 1780300141464809750
1702023457913880844 1749445455207886853 1902352731190276549 1724088921590542404 1940417866849030548
1833154356503298450 1790463742079086855 1740047466249281870 1838244194558566589 1781335116817600526
1910700967122567253 1790751111265059283 1787904016745189716 1795507756906017021 1790784573405581344
1887177135686553944 1807792123636322347 1897310923922321618 1542970558538813444 1786484040486343025
1767584178088878547 1897376396579930531 1800532747968241729 1708838008042963339 1783218905839722713
1765444196410806426 1809305170003783699 1902440351798898976 1488918210090917889 1488931561269460995
1226930915579813897 1866875254833815767 1767607273084305415 1886902603818188938 1160940982709444608
1945149035058266270 1788236819064127985 1800544238721261779 1780619786688356733 1869118583571365980
1838976620784173065 1889346365567774803 1857436129714143511 1745836687920349317 1791548850404053371
1767921651360866750 1744752137681150157 1791097371268399560 1513639544549097473 1694705989436530807
1943307542798446707 1735298833582633219 1797709046822178916 1357884908480253955 1750601005085888903
1659318838272434176 1549776264302657536 1904926418477121855 1451272298976079874 1775517496180609369
1702022341062959427 1833953783497589016 1646173337825968129 1800956826927682022 1747690219514573033
1110304718738223105 1792607710283767963 1745462196405211493 1750258787934494802 1945112488934084800
1810400973111648690 1658901492101783562 1781699130835800246 1790004835531567253 1904157118401327351
1768678244495016338 1808145313623851336 1696169000978235756 1782467696749064466 1842175946926829591
1785666943820648766 1843701836592886236 1744399823690662367 1780240504715645380 1815439150981517349
1790465851499422205
