2066569948642865335
1954168284716192031
1957524930888937580
1978146030769127847
1980591221396623506
1982409048688664802
1904925541066826101
1934172445071610031
1804222385123725400
1683357084711276545
1805128976521892284
1646153898451693571
1990478232333004925
1652680141791797250
1728827604415975752
1784482289595928979
1653643571092652032
1809563771251355887
1714905305463853310
1504329063217123338
1644732537175166979
1954621285058978168
1644585866914824192
1426761272708657154
1715450341163172258
1427982061059538955
1430815642538496009
1329712109979127811
1651837481736630272
1935393979295744377
1651099601166909441
1523953312776994818
1645112942034325506
1936447191792656775
1954115415891652801
1715991708541067686
1505438070778130436
1859107995206213669
1326440338588905472
1807005510341996653
1943022663485829471
1977760982643433851
1948273343121301794
1345011319372595201
1263135070396674049
1975462409889595659
1343984839293345793
1945059519647686982
1651920609725612033
1987645314250224112
1802590347312386096
1659538141425070080
1654735243491041282
1470011441482805254
1985736414601064448
1478721291859283969
1656126037590425600
1488095111846461442
1937201186911723939
1904929443115934085
1331155324363964416
1802603193404129355
1795385891793547326
1948074047360934258
1528631194635874306
1794102857081217101
1666437091104808960
1305401636148465664
1427528252902412288
1506205524840226816
1978476429638762852
1480049934250364929
1652159636848492548
1855492297691173149
1346115095852580864
1665952727036497921
1971671642138157264
1664680518674153482
1885587097727492298
1981062367426560037
1794668974128668905
1801527321310151153
1481944681202204675
1267327892184170496
1171275427484176384
1353776914163372033
1955186734666289457
1986126296896970771
1787483585412305317
1984939803998347333
1942464473169850653
1648520226445856769
1489170602867195904
1934170322972115386
1580076361657372672
1936832964287177045
1483324291483840512
1884903815587201212
1882772917483950228
1931261923871588554
1846471834176491638
